0.003755201
0.0037551972
0.003755207
0.0037552097
0.0037552104
0.0037552114
0.0037552088
0.003755204
0.003755204
0.0037552023
0.0037551955
0.003755202
0.0037552055
0.0037551827
0.0037552088
0.0037551953
0.0037551862
0.0037551993
0.0037551944
0.0037552074
0.0037552037
0.003755188
0.0037552032
0.0037551906
0.0037552007
0.003755187
0.0037552144
0.0037552149
0.0037552088
0.0037552067
0.0037551918
0.0037552116
0.0037552104
0.003755207
0.0037552037
0.003755209
0.00375521
0.0037552011
0.0037552067
0.003755183
0.0037551778
0.0037551855
0.0037552104
0.0037552004
0.0037552041
0.0037551946
0.0037552
0.0037552123
0.0037552
0.0037552
0.0037552
0.0037551972
0.003755198
0.0037552111
0.0037552011
0.0037552041
0.0037551958
0.0037551934
0.0037551925
0.0037552004
0.0037551892
0.0037552097
0.0037551983
0.0037552011
0.0037552093
0.003755202
0.0037552058
0.0037551927
0.003755209
0.0037552114
0.0037552016
0.003755188
0.0037551932
0.0037551762
0.0037552011
0.0037552025
0.0037551846
0.0037551834
0.0037551897
0.0037551832
0.0037551804
0.0037551827
0.0037551792
0.0037551888
0.0037551867
0.0037551974
0.0037551816
0.0037551846
0.0037552074
0.003755202
0.0037551837
0.003755186
0.0037551785
0.0037551853
0.00375519
0.0037551895
0.0037551855
0.0037551837
0.003755186
0.003755191
0.0037551853
0.003755193
0.0037551855
0.0037551897
0.0037552023
0.0037551832
0.0037551883
0.0037551927
0.003755181
0.0037551832
0.0037551858
0.0037552097
0.0037552023
0.003755181
0.0037551897
0.0037551867
0.0037552014
0.003755188
0.0037551937
0.003755193
0.0037551986
0.003755191
0.003755193
0.0037552074
0.00375519
0.003755182
0.003755182
0.0037551988
0.0037552023
0.0037551862
0.0037552027
0.00375519
0.0037551867
0.0037551792
0.0037551792
0.0037551902
0.0037551853
0.0037551834
0.0037551802
0.0037551802
0.0037551858
0.0037551988
0.0037551816
0.0037551937
0.003755188
0.0037551813
0.0037551848
