0.003755196
0.0037551918
0.0037551944
0.003755204
0.0037551865
0.00375522
0.0037551813
0.0037552
0.003755179
0.0037551671
0.0037551965
0.0037551897
0.0037551788
0.003755178
0.0037551832
0.0037551776
0.0037552163
0.0037551934
0.00375519
0.0037551923
0.0037551925
0.003755188
0.0037551739
0.003755194
0.003755211
0.003755188
0.0037551797
0.0037551906
0.0037552011
0.0037551727
0.0037552074
0.0037552
0.003755178
0.0037551764
0.0037551862
0.0037552016
0.0037551865
0.003755201
0.0037552
0.003755172
0.003755191
0.0037551825
0.003755194
0.0037551797
0.0037551941
0.0037552025
0.003755197
0.0037552128
0.003755192
0.0037551848
0.0037551895
0.0037551965
0.0037551846
0.0037552104
0.0037551827
0.003755201
0.0037552014
0.0037551825
0.003755191
0.0037551853
0.0037551962
0.0037551955
0.0037551743
0.003755184
0.0037551725
0.0037551841
0.0037551841
0.0037552041
0.0037552053
0.0037551972
0.0037551995
0.0037551974
0.0037552023
0.0037551853
0.0037551583
0.003755192
0.003755191
0.003755189
0.003755195
0.0037551892
0.0037551885
0.003755189
0.0037551883
0.0037551944
0.0037551918
0.003755201
0.003755189
0.0037551902
0.003755208
0.0037552037
0.00375519
0.003755192
0.0037551885
0.003755191
0.0037551953
0.003755194
0.0037551913
0.0037551902
0.0037551909
0.0037551953
0.003755191
0.0037551974
0.00375519
0.0037551948
0.0037552044
0.00375519
0.0037551932
0.0037551972
0.0037551878
0.0037551892
0.0037551916
0.0037552093
0.0037552041
0.0037551878
0.0037551946
0.0037551916
0.0037552037
0.0037551932
0.0037551986
0.003755198
0.0037552002
0.0037551962
0.0037551974
0.003755207
0.0037551953
0.003755189
0.0037551885
0.0037552014
0.0037552046
0.0037551918
0.0037552032
0.0037551946
0.003755192
0.003755188
0.0037551878
0.0037551958
0.0037551916
0.00375519
0.0037551883
0.0037551883
0.003755192
0.0037552014
0.0037551883
0.0037551976
0.0037551941
0.0037551883
0.0037551913
