0.0037551878
0.0037551827
0.003755194
0.0037551927
0.0037551878
0.003755221
0.0037551809
0.003755188
0.0037551785
0.0037551657
0.0037551918
0.0037551878
0.003755169
0.0037551709
0.003755182
0.0037551727
0.003755201
0.0037551837
0.0037551853
0.003755184
0.0037551932
0.003755181
0.003755165
0.0037551841
0.003755201
0.0037551804
0.00375518
0.0037551904
0.003755201
0.0037551583
0.0037551958
0.003755191
0.003755181
0.0037551767
0.00375518
0.0037552018
0.0037551823
0.0037552007
0.0037552
0.0037551643
0.0037551785
0.0037551746
0.0037551934
0.0037551727
0.0037551932
0.0037551844
0.0037551858
0.0037552132
0.0037551918
0.0037551844
0.0037551816
0.0037551902
0.0037551825
0.0037552097
0.003755183
0.0037551913
0.003755183
0.0037551776
0.0037551783
0.003755172
0.0037551862
0.0037551953
0.0037551743
0.0037551755
0.0037551727
0.0037551725
0.003755185
0.003755189
0.0037552053
0.003755195
0.003755193
0.0037551837
0.0037552034
0.0037551709
0.003755155
0.0037551909
0.0037551792
0.0037551834
0.0037551897
0.0037551832
0.0037551804
0.0037551827
0.0037551792
0.0037551888
0.0037551867
0.0037551974
0.0037551816
0.0037551846
0.0037552074
0.003755202
0.0037551837
0.003755186
0.0037551785
0.0037551853
0.00375519
0.0037551895
0.0037551855
0.0037551837
0.003755186
0.003755191
0.0037551853
0.003755193
0.0037551855
0.0037551897
0.0037552023
0.0037551832
0.0037551883
0.0037551927
0.003755181
0.0037551832
0.0037551858
0.0037552097
0.0037552023
0.003755181
0.0037551897
0.0037551867
0.0037552014
0.003755188
0.0037551937
0.003755193
0.0037551986
0.003755191
0.003755193
0.0037552074
0.00375519
0.003755182
0.003755182
0.0037551988
0.0037552023
0.0037551862
0.0037552027
0.00375519
0.0037551867
0.0037551792
0.0037551792
0.0037551902
0.0037551853
0.0037551834
0.0037551802
0.0037551802
0.0037551858
0.0037551988
0.0037551816
0.0037551937
0.003755188
0.0037551813
0.0037551848
