20190035
20190038
20190059
20190138
20190150
20190188
20190067
20190133
20190041
20190100
20190193
20190180
20190202
20190086
20190094
20190149
20190198
20190082
20190160
20190027
20190145
20190165
20190195
20190070
20190136
20190122
20190140
20190049
20190106
20190064
20190065
20190014
20190148
20190002
20190112
20190105
20190026
20190034
20190063
20190029
20190092
20190001
20190069
20190187
20190130
20190164
20190005
20190046
20190072
20190158
20190024
20190098
20190087
20190127
20190031
20190054
20190171
20190174
20190004
20190044
20190050
20190056
20190040
20190058
20190199
20190009
20190176
20190200
20190159
20190177
20190006
20190011
20190007
20190102
20190043
20190045
20190093
20190118
20190039
20190147
20190017
20190057
20190077
20190169
20190085
20190003
20190061
20190162
20190110
20190028
20190189
20190152
20190194
20190078
20190042
20190129
20190131
20190010
20190178
